83 41
17 54
72 29
95 62
11 88
47 96
16 50
59 40
18 55
25 83
33 37
41 92
60 77
2 90
81 35
21 42
50 49
4 65
56 66
84 70
68 23
6 32
70 74
80 4
79 76
51 17
69 53
39 38
24 43
26 94
78 56
87 30
3 71
63 86
67 10
15 33
14 44
48 9
73 61
20 5
65 22
93 12
36 13
97 64
30 59
8 75
37 45
9 69
54 16
74 47
52 82
38 27
49 28
77 19
85 63
12 20
55 39
58 73
40 8
57 48
32 21
71 24
1 25
90 66
31 61
62 52
43 67
46 60
22 57
53 34
5 91
98 7
66 68
10 49
61 80
27 18
34 11
46 36
23 39
28 51
29 78
75 72
36 41
82 87
94 58
13 64
35 17
19 9
86 53
64 74
73 12
65 50
99 55
44 79
56 30
34 8
48 63
85 93
76 62
40 26
59 18
30 46
71 3
57 36
61 79
42 70
31 10
66 14
97 29
69 41
37 2
22 49
75 38
49 27
77 60
16 67
98 16
93 51
49 56
100 68
24 84
10 41
68 76
92 9
44 93
82 30
36 65
18 76
41 55
29 83
94 72
50 84
53 26
28 14
39 56
20 91
71 66
41 45
30 48
27 50
64 55
52 87
