321 783
289 237
991 672
527 411
720 215
198 650
859 722
695 389
457 593
998 866
101 114
880 350
513 473
987 949
643 61
417 94
727 128
76 154
211 122
945 838
786 960
892 123
720 687
215 926
609 796
149 661
264 130
878 843
866 538
677 595
329 41
848 186
249 204
672 983
356 595
820 632
106 58
861 460
547 252
513 514
52 213
700 658
187 405
38 106
903 335
344 413
54 12
89 285
336 800
889 448
596 707
229 319
61 744
54 458
788 631
406 372
902 110
60 350
883 108
749 905
70 99
507 626
418 269
721 478
572 397
777 88
492 219
306 295
701 660
684 377
267 775
388 505
132 755
906 735
241 442
791 711
59 219
333 497
564 175
95 753
158 674
289 943
212 400
715 537
776 719
699 29
321 702
141 681
619 859
37 640
848 235
216 16
428 846
231 655
417 779
700 328
543 332
400 53
281 973
789 390
883 380
810 684
611 393
843 68
305 405
738 413
548 111
892 400
355 46
509 672
462 270
486 768
660 951
278 134
168 221
563 741
204 788
118 557
803 240
825 369
410 269
887 748
865 490
314 433
780 709
202 121
810 419
61 735
271 878
946 617
839 91
380 566
213 561
392 512
264 591
759 871
831 76
372 754
61 642
435 300
644 957
161 552
444 905
693 911
158 517
314 484
325 815
206 849
51 110
765 101
778 661
160 657
854 506
854 778
701 776
627 743
540 915
341 151
376 245
184 574
122 536
259 366
317 345
249 791
414 820
738 114
971 394
464 273
100 197
818 950
542 694
914 473
314 529
931 321
211 168
45 899
396 577
664 992
335 325
36 961
55 794
518 277
67 368
568 387
131 88
236 869
218 27
158 836
477 88
99 181
206 745
125 818
182 37
232 409
383 383
139 669
25 370
73 225
535 582
679 16
794 47
649 568
651 563
258 308
876 194
133 99
627 169
696 287
970 848
401 548
176 628
709 701
421 325
916 85
160 271
788 749
136 354
907 107
76 328
700 796
57 410
59 777
211 89
700 695
341 467
852 41
585 154
869 247
254 84
117 514
318 713
67 604
250 340
242 707
338 173
350 256
171 818
94 592
78 478
215 446
402 739
212 915
68 512
728 452
549 396
151 468
527 479
174 650
838 662
819 528
636 897
787 362
75 907
372 871
303 456
74 951
579 267
318 314
236 171
576 813
708 950
960 81
309 815
269 801
292 767
159 34
659 89
73 909
240 179
28 82
236 168
660 455
219 199
383 503
522 122
646 858
774 907
61 212
612 823
887 193
461 676
809 281
332 833
467 428
727 914
52 542
623 473
278 541
917 195
813 824
185 794
865 732
